    step         time       v_max        dt  itr  divergence   residual      tmp_ave      prs_ave
       1 1.333333e-04  0.0000e+00 1.333e-04    1  0.0000e+00  2.147e-01  5.21556e-01  0.00000e+00
       2 2.666667e-04  0.0000e+00 1.333e-04    1  0.0000e+00  1.239e-01  5.21858e-01  0.00000e+00
       3 4.000000e-04  0.0000e+00 1.333e-04    1  0.0000e+00  8.596e-02  5.21981e-01  0.00000e+00
       4 5.333333e-04  0.0000e+00 1.333e-04    1  0.0000e+00  6.119e-02  5.22020e-01  0.00000e+00
       5 6.666667e-04  0.0000e+00 1.333e-04    1  0.0000e+00  4.462e-02  5.22020e-01  0.00000e+00
       6 8.000000e-04  0.0000e+00 1.333e-04    1  0.0000e+00  3.321e-02  5.22000e-01  0.00000e+00
       7 9.333333e-04  0.0000e+00 1.333e-04    1  0.0000e+00  2.512e-02  5.21970e-01  0.00000e+00
       8 1.066667e-03  0.0000e+00 1.333e-04    1  0.0000e+00  1.926e-02  5.21936e-01  0.00000e+00
       9 1.200000e-03  0.0000e+00 1.333e-04    1  0.0000e+00  1.493e-02  5.21902e-01  0.00000e+00
      10 1.333333e-03  0.0000e+00 1.333e-04    1  0.0000e+00  1.168e-02  5.21867e-01  0.00000e+00
      11 1.466667e-03  0.0000e+00 1.333e-04    1  0.0000e+00  9.216e-03  5.21834e-01  0.00000e+00
      12 1.600000e-03  0.0000e+00 1.333e-04    1  0.0000e+00  7.328e-03  5.21803e-01  0.00000e+00
      13 1.733334e-03  0.0000e+00 1.333e-04    1  0.0000e+00  5.870e-03  5.21774e-01  0.00000e+00
      14 1.866667e-03  0.0000e+00 1.333e-04    1  0.0000e+00  4.736e-03  5.21747e-01  0.00000e+00
      15 2.000000e-03  0.0000e+00 1.333e-04    1  0.0000e+00  3.849e-03  5.21722e-01  0.00000e+00
      16 2.133334e-03  0.0000e+00 1.333e-04    1  0.0000e+00  3.151e-03  5.21699e-01  0.00000e+00
      17 2.266667e-03  0.0000e+00 1.333e-04    1  0.0000e+00  2.715e-03  5.21677e-01  0.00000e+00
      18 2.400000e-03  0.0000e+00 1.333e-04    1  0.0000e+00  2.414e-03  5.21657e-01  0.00000e+00
      19 2.533333e-03  0.0000e+00 1.333e-04    1  0.0000e+00  2.175e-03  5.21639e-01  0.00000e+00
      20 2.666667e-03  0.0000e+00 1.333e-04    1  0.0000e+00  1.998e-03  5.21623e-01  0.00000e+00
      21 2.800000e-03  0.0000e+00 1.333e-04    1  0.0000e+00  1.834e-03  5.21607e-01  0.00000e+00
      22 2.933333e-03  0.0000e+00 1.333e-04    1  0.0000e+00  1.682e-03  5.21593e-01  0.00000e+00
      23 3.066666e-03  0.0000e+00 1.333e-04    1  0.0000e+00  1.543e-03  5.21581e-01  0.00000e+00
      24 3.200000e-03  0.0000e+00 1.333e-04    1  0.0000e+00  1.414e-03  5.21569e-01  0.00000e+00
      25 3.333333e-03  0.0000e+00 1.333e-04    1  0.0000e+00  1.296e-03  5.21558e-01  0.00000e+00
      26 3.466666e-03  0.0000e+00 1.333e-04    1  0.0000e+00  1.187e-03  5.21548e-01  0.00000e+00
      27 3.599999e-03  0.0000e+00 1.333e-04    1  0.0000e+00  1.087e-03  5.21539e-01  0.00000e+00
      28 3.733333e-03  0.0000e+00 1.333e-04    1  0.0000e+00  9.959e-04  5.21531e-01  0.00000e+00
      29 3.866666e-03  0.0000e+00 1.333e-04    1  0.0000e+00  9.120e-04  5.21523e-01  0.00000e+00
      30 3.999999e-03  0.0000e+00 1.333e-04    1  0.0000e+00  8.351e-04  5.21516e-01  0.00000e+00
      31 4.133333e-03  0.0000e+00 1.333e-04    1  0.0000e+00  7.646e-04  5.21510e-01  0.00000e+00
      32 4.266666e-03  0.0000e+00 1.333e-04    1  0.0000e+00  6.999e-04  5.21504e-01  0.00000e+00
      33 4.399999e-03  0.0000e+00 1.333e-04    1  0.0000e+00  6.407e-04  5.21499e-01  0.00000e+00
      34 4.533332e-03  0.0000e+00 1.333e-04    1  0.0000e+00  5.865e-04  5.21494e-01  0.00000e+00
      35 4.666666e-03  0.0000e+00 1.333e-04    1  0.0000e+00  5.368e-04  5.21489e-01  0.00000e+00
      36 4.799999e-03  0.0000e+00 1.333e-04    1  0.0000e+00  4.914e-04  5.21485e-01  0.00000e+00
      37 4.933332e-03  0.0000e+00 1.333e-04    1  0.0000e+00  4.497e-04  5.21481e-01  0.00000e+00
      38 5.066665e-03  0.0000e+00 1.333e-04    1  0.0000e+00  4.116e-04  5.21478e-01  0.00000e+00
      39 5.199999e-03  0.0000e+00 1.333e-04    1  0.0000e+00  3.767e-04  5.21475e-01  0.00000e+00
      40 5.333332e-03  0.0000e+00 1.333e-04    1  0.0000e+00  3.447e-04  5.21472e-01  0.00000e+00
      41 5.466665e-03  0.0000e+00 1.333e-04    1  0.0000e+00  3.155e-04  5.21469e-01  0.00000e+00
      42 5.599998e-03  0.0000e+00 1.333e-04    1  0.0000e+00  2.887e-04  5.21467e-01  0.00000e+00
      43 5.733332e-03  0.0000e+00 1.333e-04    1  0.0000e+00  2.642e-04  5.21465e-01  0.00000e+00
      44 5.866665e-03  0.0000e+00 1.333e-04    1  0.0000e+00  2.418e-04  5.21463e-01  0.00000e+00
      45 5.999998e-03  0.0000e+00 1.333e-04    1  0.0000e+00  2.213e-04  5.21461e-01  0.00000e+00
      46 6.133331e-03  0.0000e+00 1.333e-04    1  0.0000e+00  2.025e-04  5.21459e-01  0.00000e+00
      47 6.266665e-03  0.0000e+00 1.333e-04    1  0.0000e+00  1.853e-04  5.21458e-01  0.00000e+00
      48 6.399998e-03  0.0000e+00 1.333e-04    1  0.0000e+00  1.696e-04  5.21456e-01  0.00000e+00
      49 6.533331e-03  0.0000e+00 1.333e-04    1  0.0000e+00  1.552e-04  5.21455e-01  0.00000e+00
      50 6.666664e-03  0.0000e+00 1.333e-04    1  0.0000e+00  1.420e-04  5.21454e-01  0.00000e+00
      51 6.799998e-03  0.0000e+00 1.333e-04    1  0.0000e+00  1.299e-04  5.21453e-01  0.00000e+00
      52 6.933331e-03  0.0000e+00 1.333e-04    1  0.0000e+00  1.189e-04  5.21452e-01  0.00000e+00
      53 7.066664e-03  0.0000e+00 1.333e-04    1  0.0000e+00  1.088e-04  5.21451e-01  0.00000e+00
      54 7.199998e-03  0.0000e+00 1.333e-04    1  0.0000e+00  9.957e-05  5.21450e-01  0.00000e+00
      55 7.333331e-03  0.0000e+00 1.333e-04    1  0.0000e+00  9.112e-05  5.21449e-01  0.00000e+00
      56 7.466664e-03  0.0000e+00 1.333e-04    1  0.0000e+00  8.342e-05  5.21448e-01  0.00000e+00
      57 7.599997e-03  0.0000e+00 1.333e-04    1  0.0000e+00  7.631e-05  5.21448e-01  0.00000e+00
      58 7.733331e-03  0.0000e+00 1.333e-04    1  0.0000e+00  6.984e-05  5.21447e-01  0.00000e+00
      59 7.866664e-03  0.0000e+00 1.333e-04    1  0.0000e+00  6.391e-05  5.21447e-01  0.00000e+00
      60 7.999998e-03  0.0000e+00 1.333e-04    1  0.0000e+00  5.848e-05  5.21446e-01  0.00000e+00
      61 8.133331e-03  0.0000e+00 1.333e-04    1  0.0000e+00  5.352e-05  5.21446e-01  0.00000e+00
      62 8.266665e-03  0.0000e+00 1.333e-04    1  0.0000e+00  4.896e-05  5.21445e-01  0.00000e+00
      63 8.399999e-03  0.0000e+00 1.333e-04    1  0.0000e+00  4.482e-05  5.21445e-01  0.00000e+00
      64 8.533332e-03  0.0000e+00 1.333e-04    1  0.0000e+00  4.099e-05  5.21445e-01  0.00000e+00
      65 8.666666e-03  0.0000e+00 1.333e-04    1  0.0000e+00  3.752e-05  5.21444e-01  0.00000e+00
      66 8.800000e-03  0.0000e+00 1.333e-04    1  0.0000e+00  3.432e-05  5.21444e-01  0.00000e+00
      67 8.933334e-03  0.0000e+00 1.333e-04    1  0.0000e+00  3.143e-05  5.21444e-01  0.00000e+00
      68 9.066667e-03  0.0000e+00 1.333e-04    1  0.0000e+00  2.876e-05  5.21444e-01  0.00000e+00
      69 9.200001e-03  0.0000e+00 1.333e-04    1  0.0000e+00  2.632e-05  5.21443e-01  0.00000e+00
      70 9.333335e-03  0.0000e+00 1.333e-04    1  0.0000e+00  2.409e-05  5.21443e-01  0.00000e+00
      71 9.466669e-03  0.0000e+00 1.333e-04    1  0.0000e+00  2.204e-05  5.21443e-01  0.00000e+00
      72 9.600002e-03  0.0000e+00 1.333e-04    1  0.0000e+00  2.015e-05  5.21443e-01  0.00000e+00
      73 9.733336e-03  0.0000e+00 1.333e-04    1  0.0000e+00  1.846e-05  5.21443e-01  0.00000e+00
      74 9.866670e-03  0.0000e+00 1.333e-04    1  0.0000e+00  1.687e-05  5.21442e-01  0.00000e+00
      75 1.000000e-02  0.0000e+00 1.333e-04    1  0.0000e+00  1.545e-05  5.21442e-01  0.00000e+00
      76 1.013334e-02  0.0000e+00 1.333e-04    1  0.0000e+00  1.413e-05  5.21442e-01  0.00000e+00
      77 1.026667e-02  0.0000e+00 1.333e-04    1  0.0000e+00  1.294e-05  5.21442e-01  0.00000e+00
      78 1.040000e-02  0.0000e+00 1.333e-04    1  0.0000e+00  1.185e-05  5.21442e-01  0.00000e+00
      79 1.053334e-02  0.0000e+00 1.333e-04    1  0.0000e+00  1.085e-05  5.21442e-01  0.00000e+00
      80 1.066667e-02  0.0000e+00 1.333e-04    1  0.0000e+00  9.912e-06  5.21442e-01  0.00000e+00
      81 1.080001e-02  0.0000e+00 1.333e-04    1  0.0000e+00  9.084e-06  5.21442e-01  0.00000e+00
      82 1.093334e-02  0.0000e+00 1.333e-04    1  0.0000e+00  8.317e-06  5.21442e-01  0.00000e+00
      83 1.106667e-02  0.0000e+00 1.333e-04    1  0.0000e+00  7.597e-06  5.21442e-01  0.00000e+00
      84 1.120001e-02  0.0000e+00 1.333e-04    1  0.0000e+00  6.963e-06  5.21442e-01  0.00000e+00
      85 1.133334e-02  0.0000e+00 1.333e-04    1  0.0000e+00  6.366e-06  5.21442e-01  0.00000e+00
      86 1.146667e-02  0.0000e+00 1.333e-04    1  0.0000e+00  5.835e-06  5.21442e-01  0.00000e+00
      87 1.160001e-02  0.0000e+00 1.333e-04    1  0.0000e+00  5.330e-06  5.21441e-01  0.00000e+00
      88 1.173334e-02  0.0000e+00 1.333e-04    1  0.0000e+00  4.892e-06  5.21441e-01  0.00000e+00
      89 1.186668e-02  0.0000e+00 1.333e-04    1  0.0000e+00  4.464e-06  5.21441e-01  0.00000e+00
      90 1.200001e-02  0.0000e+00 1.333e-04    1  0.0000e+00  4.087e-06  5.21441e-01  0.00000e+00
      91 1.213334e-02  0.0000e+00 1.333e-04    1  0.0000e+00  3.757e-06  5.21441e-01  0.00000e+00
      92 1.226668e-02  0.0000e+00 1.333e-04    1  0.0000e+00  3.437e-06  5.21441e-01  0.00000e+00
      93 1.240001e-02  0.0000e+00 1.333e-04    1  0.0000e+00  3.139e-06  5.21441e-01  0.00000e+00
      94 1.253334e-02  0.0000e+00 1.333e-04    1  0.0000e+00  2.887e-06  5.21441e-01  0.00000e+00
      95 1.266668e-02  0.0000e+00 1.333e-04    1  0.0000e+00  2.634e-06  5.21441e-01  0.00000e+00
      96 1.280001e-02  0.0000e+00 1.333e-04    1  0.0000e+00  2.385e-06  5.21441e-01  0.00000e+00
      97 1.293335e-02  0.0000e+00 1.333e-04    1  0.0000e+00  2.206e-06  5.21441e-01  0.00000e+00
      98 1.306668e-02  0.0000e+00 1.333e-04    1  0.0000e+00  2.004e-06  5.21441e-01  0.00000e+00
      99 1.320001e-02  0.0000e+00 1.333e-04    1  0.0000e+00  1.848e-06  5.21441e-01  0.00000e+00
     100 1.333335e-02  0.0000e+00 1.333e-04    1  0.0000e+00  1.689e-06  5.21441e-01  0.00000e+00
     101 1.346668e-02  0.0000e+00 1.333e-04    1  0.0000e+00  1.541e-06  5.21441e-01  0.00000e+00
     102 1.360001e-02  0.0000e+00 1.333e-04    1  0.0000e+00  1.398e-06  5.21441e-01  0.00000e+00
     103 1.373335e-02  0.0000e+00 1.333e-04    1  0.0000e+00  1.273e-06  5.21441e-01  0.00000e+00
     104 1.386668e-02  0.0000e+00 1.333e-04    1  0.0000e+00  1.171e-06  5.21441e-01  0.00000e+00
     105 1.400002e-02  0.0000e+00 1.333e-04    1  0.0000e+00  1.073e-06  5.21441e-01  0.00000e+00
     106 1.413335e-02  0.0000e+00 1.333e-04    1  0.0000e+00  9.791e-07  5.21441e-01  0.00000e+00
     107 1.426668e-02  0.0000e+00 1.333e-04    1  0.0000e+00  9.071e-07  5.21441e-01  0.00000e+00
     108 1.440002e-02  0.0000e+00 1.333e-04    1  0.0000e+00  8.185e-07  5.21441e-01  0.00000e+00
     109 1.453335e-02  0.0000e+00 1.333e-04    1  0.0000e+00  7.537e-07  5.21441e-01  0.00000e+00
     110 1.466668e-02  0.0000e+00 1.333e-04    1  0.0000e+00  6.926e-07  5.21441e-01  0.00000e+00
     111 1.480002e-02  0.0000e+00 1.333e-04    1  0.0000e+00  6.248e-07  5.21441e-01  0.00000e+00
     112 1.493335e-02  0.0000e+00 1.333e-04    1  0.0000e+00  5.683e-07  5.21441e-01  0.00000e+00
     113 1.506669e-02  0.0000e+00 1.333e-04    1  0.0000e+00  5.308e-07  5.21441e-01  0.00000e+00
     114 1.520002e-02  0.0000e+00 1.333e-04    1  0.0000e+00  4.705e-07  5.21441e-01  0.00000e+00
     115 1.533335e-02  0.0000e+00 1.333e-04    1  0.0000e+00  4.522e-07  5.21441e-01  0.00000e+00
     116 1.546669e-02  0.0000e+00 1.333e-04    1  0.0000e+00  4.045e-07  5.21441e-01  0.00000e+00
     117 1.560002e-02  0.0000e+00 1.333e-04    1  0.0000e+00  3.599e-07  5.21441e-01  0.00000e+00
     118 1.573335e-02  0.0000e+00 1.333e-04    1  0.0000e+00  3.457e-07  5.21441e-01  0.00000e+00
     119 1.586669e-02  0.0000e+00 1.333e-04    1  0.0000e+00  3.213e-07  5.21441e-01  0.00000e+00
     120 1.600002e-02  0.0000e+00 1.333e-04    1  0.0000e+00  2.929e-07  5.21441e-01  0.00000e+00
     121 1.613335e-02  0.0000e+00 1.333e-04    1  0.0000e+00  2.713e-07  5.21441e-01  0.00000e+00
     122 1.626669e-02  0.0000e+00 1.333e-04    1  0.0000e+00  2.326e-07  5.21441e-01  0.00000e+00
     123 1.640002e-02  0.0000e+00 1.333e-04    1  0.0000e+00  2.359e-07  5.21441e-01  0.00000e+00
     124 1.653336e-02  0.0000e+00 1.333e-04    1  0.0000e+00  2.028e-07  5.21441e-01  0.00000e+00
     125 1.666669e-02  0.0000e+00 1.333e-04    1  0.0000e+00  1.936e-07  5.21441e-01  0.00000e+00
     126 1.680002e-02  0.0000e+00 1.333e-04    1  0.0000e+00  1.873e-07  5.21441e-01  0.00000e+00
     127 1.693336e-02  0.0000e+00 1.333e-04    1  0.0000e+00  1.689e-07  5.21441e-01  0.00000e+00
     128 1.706669e-02  0.0000e+00 1.333e-04    1  0.0000e+00  1.580e-07  5.21441e-01  0.00000e+00
     129 1.720002e-02  0.0000e+00 1.333e-04    1  0.0000e+00  1.269e-07  5.21441e-01  0.00000e+00
     130 1.733336e-02  0.0000e+00 1.333e-04    1  0.0000e+00  1.243e-07  5.21441e-01  0.00000e+00
     131 1.746669e-02  0.0000e+00 1.333e-04    1  0.0000e+00  1.445e-07  5.21441e-01  0.00000e+00
     132 1.760003e-02  0.0000e+00 1.333e-04    1  0.0000e+00  1.254e-07  5.21441e-01  0.00000e+00
     133 1.773336e-02  0.0000e+00 1.333e-04    1  0.0000e+00  1.123e-07  5.21441e-01  0.00000e+00
     134 1.786669e-02  0.0000e+00 1.333e-04    1  0.0000e+00  1.110e-07  5.21441e-01  0.00000e+00
     135 1.800003e-02  0.0000e+00 1.333e-04    1  0.0000e+00  1.196e-07  5.21441e-01  0.00000e+00
     136 1.813336e-02  0.0000e+00 1.333e-04    1  0.0000e+00  7.406e-08  5.21441e-01  0.00000e+00
     137 1.826669e-02  0.0000e+00 1.333e-04    1  0.0000e+00  7.151e-08  5.21441e-01  0.00000e+00
     138 1.840003e-02  0.0000e+00 1.333e-04    1  0.0000e+00  5.966e-08  5.21441e-01  0.00000e+00
     139 1.853336e-02  0.0000e+00 1.333e-04    1  0.0000e+00  6.863e-08  5.21441e-01  0.00000e+00
     140 1.866670e-02  0.0000e+00 1.333e-04    1  0.0000e+00  6.829e-08  5.21441e-01  0.00000e+00
     141 1.880003e-02  0.0000e+00 1.333e-04    1  0.0000e+00  6.609e-08  5.21441e-01  0.00000e+00
     142 1.893336e-02  0.0000e+00 1.333e-04    1  0.0000e+00  6.609e-08  5.21441e-01  0.00000e+00
     143 1.906670e-02  0.0000e+00 1.333e-04    1  0.0000e+00  6.609e-08  5.21441e-01  0.00000e+00
     144 1.920003e-02  0.0000e+00 1.333e-04    1  0.0000e+00  6.609e-08  5.21441e-01  0.00000e+00
     145 1.933336e-02  0.0000e+00 1.333e-04    1  0.0000e+00  6.609e-08  5.21441e-01  0.00000e+00
     146 1.946670e-02  0.0000e+00 1.333e-04    1  0.0000e+00  6.609e-08  5.21441e-01  0.00000e+00
     147 1.960003e-02  0.0000e+00 1.333e-04    1  0.0000e+00  6.609e-08  5.21441e-01  0.00000e+00
     148 1.973337e-02  0.0000e+00 1.333e-04    1  0.0000e+00  6.609e-08  5.21441e-01  0.00000e+00
     149 1.986670e-02  0.0000e+00 1.333e-04    1  0.0000e+00  6.609e-08  5.21441e-01  0.00000e+00
     150 2.000003e-02  0.0000e+00 1.333e-04    1  0.0000e+00  6.609e-08  5.21441e-01  0.00000e+00
     151 2.013337e-02  0.0000e+00 1.333e-04    1  0.0000e+00  6.609e-08  5.21441e-01  0.00000e+00
     152 2.026670e-02  0.0000e+00 1.333e-04    1  0.0000e+00  6.609e-08  5.21441e-01  0.00000e+00
     153 2.040003e-02  0.0000e+00 1.333e-04    1  0.0000e+00  6.609e-08  5.21441e-01  0.00000e+00
     154 2.053337e-02  0.0000e+00 1.333e-04    1  0.0000e+00  6.609e-08  5.21441e-01  0.00000e+00
     155 2.066670e-02  0.0000e+00 1.333e-04    1  0.0000e+00  6.609e-08  5.21441e-01  0.00000e+00
     156 2.080004e-02  0.0000e+00 1.333e-04    1  0.0000e+00  6.609e-08  5.21441e-01  0.00000e+00
     157 2.093337e-02  0.0000e+00 1.333e-04    1  0.0000e+00  6.609e-08  5.21441e-01  0.00000e+00
     158 2.106670e-02  0.0000e+00 1.333e-04    1  0.0000e+00  6.609e-08  5.21441e-01  0.00000e+00
     159 2.120004e-02  0.0000e+00 1.333e-04    1  0.0000e+00  6.609e-08  5.21441e-01  0.00000e+00
     160 2.133337e-02  0.0000e+00 1.333e-04    1  0.0000e+00  6.609e-08  5.21441e-01  0.00000e+00
     161 2.146670e-02  0.0000e+00 1.333e-04    1  0.0000e+00  6.609e-08  5.21441e-01  0.00000e+00
     162 2.160004e-02  0.0000e+00 1.333e-04    1  0.0000e+00  6.609e-08  5.21441e-01  0.00000e+00
     163 2.173337e-02  0.0000e+00 1.333e-04    1  0.0000e+00  6.609e-08  5.21441e-01  0.00000e+00
     164 2.186671e-02  0.0000e+00 1.333e-04    1  0.0000e+00  6.609e-08  5.21441e-01  0.00000e+00
     165 2.200004e-02  0.0000e+00 1.333e-04    1  0.0000e+00  6.609e-08  5.21441e-01  0.00000e+00
     166 2.213337e-02  0.0000e+00 1.333e-04    1  0.0000e+00  6.609e-08  5.21441e-01  0.00000e+00
     167 2.226671e-02  0.0000e+00 1.333e-04    1  0.0000e+00  6.609e-08  5.21441e-01  0.00000e+00
     168 2.240004e-02  0.0000e+00 1.333e-04    1  0.0000e+00  6.609e-08  5.21441e-01  0.00000e+00
     169 2.253337e-02  0.0000e+00 1.333e-04    1  0.0000e+00  6.609e-08  5.21441e-01  0.00000e+00
     170 2.266671e-02  0.0000e+00 1.333e-04    1  0.0000e+00  6.609e-08  5.21441e-01  0.00000e+00
     171 2.280004e-02  0.0000e+00 1.333e-04    1  0.0000e+00  6.609e-08  5.21441e-01  0.00000e+00
     172 2.293338e-02  0.0000e+00 1.333e-04    1  0.0000e+00  6.609e-08  5.21441e-01  0.00000e+00
     173 2.306671e-02  0.0000e+00 1.333e-04    1  0.0000e+00  6.609e-08  5.21441e-01  0.00000e+00
     174 2.320004e-02  0.0000e+00 1.333e-04    1  0.0000e+00  6.609e-08  5.21441e-01  0.00000e+00
     175 2.333338e-02  0.0000e+00 1.333e-04    1  0.0000e+00  6.609e-08  5.21441e-01  0.00000e+00
     176 2.346671e-02  0.0000e+00 1.333e-04    1  0.0000e+00  6.609e-08  5.21441e-01  0.00000e+00
     177 2.360004e-02  0.0000e+00 1.333e-04    1  0.0000e+00  6.609e-08  5.21441e-01  0.00000e+00
     178 2.373338e-02  0.0000e+00 1.333e-04    1  0.0000e+00  6.609e-08  5.21441e-01  0.00000e+00
     179 2.386671e-02  0.0000e+00 1.333e-04    1  0.0000e+00  6.609e-08  5.21441e-01  0.00000e+00
     180 2.400004e-02  0.0000e+00 1.333e-04    1  0.0000e+00  6.609e-08  5.21441e-01  0.00000e+00
     181 2.413338e-02  0.0000e+00 1.333e-04    1  0.0000e+00  6.609e-08  5.21441e-01  0.00000e+00
     182 2.426671e-02  0.0000e+00 1.333e-04    1  0.0000e+00  6.609e-08  5.21441e-01  0.00000e+00
     183 2.440005e-02  0.0000e+00 1.333e-04    1  0.0000e+00  6.609e-08  5.21441e-01  0.00000e+00
     184 2.453338e-02  0.0000e+00 1.333e-04    1  0.0000e+00  6.609e-08  5.21441e-01  0.00000e+00
     185 2.466671e-02  0.0000e+00 1.333e-04    1  0.0000e+00  6.609e-08  5.21441e-01  0.00000e+00
     186 2.480005e-02  0.0000e+00 1.333e-04    1  0.0000e+00  6.609e-08  5.21441e-01  0.00000e+00
     187 2.493338e-02  0.0000e+00 1.333e-04    1  0.0000e+00  6.609e-08  5.21441e-01  0.00000e+00
     188 2.506671e-02  0.0000e+00 1.333e-04    1  0.0000e+00  6.609e-08  5.21441e-01  0.00000e+00
     189 2.520005e-02  0.0000e+00 1.333e-04    1  0.0000e+00  6.609e-08  5.21441e-01  0.00000e+00
     190 2.533338e-02  0.0000e+00 1.333e-04    1  0.0000e+00  6.609e-08  5.21441e-01  0.00000e+00
     191 2.546672e-02  0.0000e+00 1.333e-04    1  0.0000e+00  6.609e-08  5.21441e-01  0.00000e+00
     192 2.560005e-02  0.0000e+00 1.333e-04    1  0.0000e+00  6.609e-08  5.21441e-01  0.00000e+00
     193 2.573338e-02  0.0000e+00 1.333e-04    1  0.0000e+00  6.609e-08  5.21441e-01  0.00000e+00
     194 2.586672e-02  0.0000e+00 1.333e-04    1  0.0000e+00  6.609e-08  5.21441e-01  0.00000e+00
     195 2.600005e-02  0.0000e+00 1.333e-04    1  0.0000e+00  6.609e-08  5.21441e-01  0.00000e+00
     196 2.613338e-02  0.0000e+00 1.333e-04    1  0.0000e+00  6.609e-08  5.21441e-01  0.00000e+00
     197 2.626672e-02  0.0000e+00 1.333e-04    1  0.0000e+00  6.609e-08  5.21441e-01  0.00000e+00
     198 2.640005e-02  0.0000e+00 1.333e-04    1  0.0000e+00  6.609e-08  5.21441e-01  0.00000e+00
     199 2.653339e-02  0.0000e+00 1.333e-04    1  0.0000e+00  6.609e-08  5.21441e-01  0.00000e+00
     200 2.666672e-02  0.0000e+00 1.333e-04    1  0.0000e+00  6.609e-08  5.21441e-01  0.00000e+00
     201 2.680005e-02  0.0000e+00 1.333e-04    1  0.0000e+00  6.609e-08  5.21441e-01  0.00000e+00
     202 2.693339e-02  0.0000e+00 1.333e-04    1  0.0000e+00  6.609e-08  5.21441e-01  0.00000e+00
     203 2.706672e-02  0.0000e+00 1.333e-04    1  0.0000e+00  6.609e-08  5.21441e-01  0.00000e+00
     204 2.720005e-02  0.0000e+00 1.333e-04    1  0.0000e+00  6.609e-08  5.21441e-01  0.00000e+00
     205 2.733339e-02  0.0000e+00 1.333e-04    1  0.0000e+00  6.609e-08  5.21441e-01  0.00000e+00
     206 2.746672e-02  0.0000e+00 1.333e-04    1  0.0000e+00  6.609e-08  5.21441e-01  0.00000e+00
     207 2.760006e-02  0.0000e+00 1.333e-04    1  0.0000e+00  6.609e-08  5.21441e-01  0.00000e+00
     208 2.773339e-02  0.0000e+00 1.333e-04    1  0.0000e+00  6.609e-08  5.21441e-01  0.00000e+00
     209 2.786672e-02  0.0000e+00 1.333e-04    1  0.0000e+00  6.609e-08  5.21441e-01  0.00000e+00
     210 2.800006e-02  0.0000e+00 1.333e-04    1  0.0000e+00  6.609e-08  5.21441e-01  0.00000e+00
     211 2.813339e-02  0.0000e+00 1.333e-04    1  0.0000e+00  6.609e-08  5.21441e-01  0.00000e+00
     212 2.826672e-02  0.0000e+00 1.333e-04    1  0.0000e+00  6.609e-08  5.21441e-01  0.00000e+00
     213 2.840006e-02  0.0000e+00 1.333e-04    1  0.0000e+00  6.609e-08  5.21441e-01  0.00000e+00
     214 2.853339e-02  0.0000e+00 1.333e-04    1  0.0000e+00  6.609e-08  5.21441e-01  0.00000e+00
     215 2.866673e-02  0.0000e+00 1.333e-04    1  0.0000e+00  6.609e-08  5.21441e-01  0.00000e+00
     216 2.880006e-02  0.0000e+00 1.333e-04    1  0.0000e+00  6.609e-08  5.21441e-01  0.00000e+00
     217 2.893339e-02  0.0000e+00 1.333e-04    1  0.0000e+00  6.609e-08  5.21441e-01  0.00000e+00
     218 2.906673e-02  0.0000e+00 1.333e-04    1  0.0000e+00  6.609e-08  5.21441e-01  0.00000e+00
     219 2.920006e-02  0.0000e+00 1.333e-04    1  0.0000e+00  6.609e-08  5.21441e-01  0.00000e+00
     220 2.933339e-02  0.0000e+00 1.333e-04    1  0.0000e+00  6.609e-08  5.21441e-01  0.00000e+00
     221 2.946673e-02  0.0000e+00 1.333e-04    1  0.0000e+00  6.609e-08  5.21441e-01  0.00000e+00
     222 2.960006e-02  0.0000e+00 1.333e-04    1  0.0000e+00  6.609e-08  5.21441e-01  0.00000e+00
     223 2.973340e-02  0.0000e+00 1.333e-04    1  0.0000e+00  6.609e-08  5.21441e-01  0.00000e+00
     224 2.986673e-02  0.0000e+00 1.333e-04    1  0.0000e+00  6.609e-08  5.21441e-01  0.00000e+00
     225 3.000006e-02  0.0000e+00 1.333e-04    1  0.0000e+00  6.609e-08  5.21441e-01  0.00000e+00
     226 3.013340e-02  0.0000e+00 1.333e-04    1  0.0000e+00  6.609e-08  5.21441e-01  0.00000e+00
     227 3.026673e-02  0.0000e+00 1.333e-04    1  0.0000e+00  6.609e-08  5.21441e-01  0.00000e+00
     228 3.040006e-02  0.0000e+00 1.333e-04    1  0.0000e+00  6.609e-08  5.21441e-01  0.00000e+00
     229 3.053340e-02  0.0000e+00 1.333e-04    1  0.0000e+00  6.609e-08  5.21441e-01  0.00000e+00
     230 3.066673e-02  0.0000e+00 1.333e-04    1  0.0000e+00  6.609e-08  5.21441e-01  0.00000e+00
     231 3.080007e-02  0.0000e+00 1.333e-04    1  0.0000e+00  6.609e-08  5.21441e-01  0.00000e+00
     232 3.093340e-02  0.0000e+00 1.333e-04    1  0.0000e+00  6.609e-08  5.21441e-01  0.00000e+00
     233 3.106673e-02  0.0000e+00 1.333e-04    1  0.0000e+00  6.609e-08  5.21441e-01  0.00000e+00
     234 3.120007e-02  0.0000e+00 1.333e-04    1  0.0000e+00  6.609e-08  5.21441e-01  0.00000e+00
     235 3.133340e-02  0.0000e+00 1.333e-04    1  0.0000e+00  6.609e-08  5.21441e-01  0.00000e+00
     236 3.146673e-02  0.0000e+00 1.333e-04    1  0.0000e+00  6.609e-08  5.21441e-01  0.00000e+00
     237 3.160006e-02  0.0000e+00 1.333e-04    1  0.0000e+00  6.609e-08  5.21441e-01  0.00000e+00
     238 3.173339e-02  0.0000e+00 1.333e-04    1  0.0000e+00  6.609e-08  5.21441e-01  0.00000e+00
     239 3.186673e-02  0.0000e+00 1.333e-04    1  0.0000e+00  6.609e-08  5.21441e-01  0.00000e+00
     240 3.200006e-02  0.0000e+00 1.333e-04    1  0.0000e+00  6.609e-08  5.21441e-01  0.00000e+00
     241 3.213339e-02  0.0000e+00 1.333e-04    1  0.0000e+00  6.609e-08  5.21441e-01  0.00000e+00
     242 3.226672e-02  0.0000e+00 1.333e-04    1  0.0000e+00  6.609e-08  5.21441e-01  0.00000e+00
     243 3.240005e-02  0.0000e+00 1.333e-04    1  0.0000e+00  6.609e-08  5.21441e-01  0.00000e+00
     244 3.253338e-02  0.0000e+00 1.333e-04    1  0.0000e+00  6.609e-08  5.21441e-01  0.00000e+00
     245 3.266672e-02  0.0000e+00 1.333e-04    1  0.0000e+00  6.609e-08  5.21441e-01  0.00000e+00
     246 3.280005e-02  0.0000e+00 1.333e-04    1  0.0000e+00  6.609e-08  5.21441e-01  0.00000e+00
     247 3.293338e-02  0.0000e+00 1.333e-04    1  0.0000e+00  6.609e-08  5.21441e-01  0.00000e+00
     248 3.306671e-02  0.0000e+00 1.333e-04    1  0.0000e+00  6.609e-08  5.21441e-01  0.00000e+00
     249 3.320004e-02  0.0000e+00 1.333e-04    1  0.0000e+00  6.609e-08  5.21441e-01  0.00000e+00
     250 3.333338e-02  0.0000e+00 1.333e-04    1  0.0000e+00  6.609e-08  5.21441e-01  0.00000e+00
     251 3.346671e-02  0.0000e+00 1.333e-04    1  0.0000e+00  6.609e-08  5.21441e-01  0.00000e+00
     252 3.360004e-02  0.0000e+00 1.333e-04    1  0.0000e+00  6.609e-08  5.21441e-01  0.00000e+00
     253 3.373337e-02  0.0000e+00 1.333e-04    1  0.0000e+00  6.609e-08  5.21441e-01  0.00000e+00
     254 3.386670e-02  0.0000e+00 1.333e-04    1  0.0000e+00  6.609e-08  5.21441e-01  0.00000e+00
     255 3.400004e-02  0.0000e+00 1.333e-04    1  0.0000e+00  6.609e-08  5.21441e-01  0.00000e+00
     256 3.413337e-02  0.0000e+00 1.333e-04    1  0.0000e+00  6.609e-08  5.21441e-01  0.00000e+00
     257 3.426670e-02  0.0000e+00 1.333e-04    1  0.0000e+00  6.609e-08  5.21441e-01  0.00000e+00
     258 3.440003e-02  0.0000e+00 1.333e-04    1  0.0000e+00  6.609e-08  5.21441e-01  0.00000e+00
     259 3.453336e-02  0.0000e+00 1.333e-04    1  0.0000e+00  6.609e-08  5.21441e-01  0.00000e+00
     260 3.466669e-02  0.0000e+00 1.333e-04    1  0.0000e+00  6.609e-08  5.21441e-01  0.00000e+00
     261 3.480003e-02  0.0000e+00 1.333e-04    1  0.0000e+00  6.609e-08  5.21441e-01  0.00000e+00
     262 3.493336e-02  0.0000e+00 1.333e-04    1  0.0000e+00  6.609e-08  5.21441e-01  0.00000e+00
     263 3.506669e-02  0.0000e+00 1.333e-04    1  0.0000e+00  6.609e-08  5.21441e-01  0.00000e+00
     264 3.520002e-02  0.0000e+00 1.333e-04    1  0.0000e+00  6.609e-08  5.21441e-01  0.00000e+00
     265 3.533335e-02  0.0000e+00 1.333e-04    1  0.0000e+00  6.609e-08  5.21441e-01  0.00000e+00
     266 3.546669e-02  0.0000e+00 1.333e-04    1  0.0000e+00  6.609e-08  5.21441e-01  0.00000e+00
     267 3.560002e-02  0.0000e+00 1.333e-04    1  0.0000e+00  6.609e-08  5.21441e-01  0.00000e+00
     268 3.573335e-02  0.0000e+00 1.333e-04    1  0.0000e+00  6.609e-08  5.21441e-01  0.00000e+00
     269 3.586668e-02  0.0000e+00 1.333e-04    1  0.0000e+00  6.609e-08  5.21441e-01  0.00000e+00
     270 3.600001e-02  0.0000e+00 1.333e-04    1  0.0000e+00  6.609e-08  5.21441e-01  0.00000e+00
     271 3.613335e-02  0.0000e+00 1.333e-04    1  0.0000e+00  6.609e-08  5.21441e-01  0.00000e+00
     272 3.626668e-02  0.0000e+00 1.333e-04    1  0.0000e+00  6.609e-08  5.21441e-01  0.00000e+00
     273 3.640001e-02  0.0000e+00 1.333e-04    1  0.0000e+00  6.609e-08  5.21441e-01  0.00000e+00
     274 3.653334e-02  0.0000e+00 1.333e-04    1  0.0000e+00  6.609e-08  5.21441e-01  0.00000e+00
     275 3.666667e-02  0.0000e+00 1.333e-04    1  0.0000e+00  6.609e-08  5.21441e-01  0.00000e+00
     276 3.680000e-02  0.0000e+00 1.333e-04    1  0.0000e+00  6.609e-08  5.21441e-01  0.00000e+00
     277 3.693334e-02  0.0000e+00 1.333e-04    1  0.0000e+00  6.609e-08  5.21441e-01  0.00000e+00
     278 3.706667e-02  0.0000e+00 1.333e-04    1  0.0000e+00  6.609e-08  5.21441e-01  0.00000e+00
     279 3.720000e-02  0.0000e+00 1.333e-04    1  0.0000e+00  6.609e-08  5.21441e-01  0.00000e+00
     280 3.733333e-02  0.0000e+00 1.333e-04    1  0.0000e+00  6.609e-08  5.21441e-01  0.00000e+00
     281 3.746666e-02  0.0000e+00 1.333e-04    1  0.0000e+00  6.609e-08  5.21441e-01  0.00000e+00
     282 3.760000e-02  0.0000e+00 1.333e-04    1  0.0000e+00  6.609e-08  5.21441e-01  0.00000e+00
     283 3.773333e-02  0.0000e+00 1.333e-04    1  0.0000e+00  6.609e-08  5.21441e-01  0.00000e+00
     284 3.786666e-02  0.0000e+00 1.333e-04    1  0.0000e+00  6.609e-08  5.21441e-01  0.00000e+00
     285 3.799999e-02  0.0000e+00 1.333e-04    1  0.0000e+00  6.609e-08  5.21441e-01  0.00000e+00
     286 3.813332e-02  0.0000e+00 1.333e-04    1  0.0000e+00  6.609e-08  5.21441e-01  0.00000e+00
     287 3.826666e-02  0.0000e+00 1.333e-04    1  0.0000e+00  6.609e-08  5.21441e-01  0.00000e+00
     288 3.839999e-02  0.0000e+00 1.333e-04    1  0.0000e+00  6.609e-08  5.21441e-01  0.00000e+00
     289 3.853332e-02  0.0000e+00 1.333e-04    1  0.0000e+00  6.609e-08  5.21441e-01  0.00000e+00
     290 3.866665e-02  0.0000e+00 1.333e-04    1  0.0000e+00  6.609e-08  5.21441e-01  0.00000e+00
     291 3.879998e-02  0.0000e+00 1.333e-04    1  0.0000e+00  6.609e-08  5.21441e-01  0.00000e+00
     292 3.893331e-02  0.0000e+00 1.333e-04    1  0.0000e+00  6.609e-08  5.21441e-01  0.00000e+00
     293 3.906665e-02  0.0000e+00 1.333e-04    1  0.0000e+00  6.609e-08  5.21441e-01  0.00000e+00
     294 3.919998e-02  0.0000e+00 1.333e-04    1  0.0000e+00  6.609e-08  5.21441e-01  0.00000e+00
     295 3.933331e-02  0.0000e+00 1.333e-04    1  0.0000e+00  6.609e-08  5.21441e-01  0.00000e+00
     296 3.946664e-02  0.0000e+00 1.333e-04    1  0.0000e+00  6.609e-08  5.21441e-01  0.00000e+00
     297 3.959997e-02  0.0000e+00 1.333e-04    1  0.0000e+00  6.609e-08  5.21441e-01  0.00000e+00
     298 3.973331e-02  0.0000e+00 1.333e-04    1  0.0000e+00  6.609e-08  5.21441e-01  0.00000e+00
     299 3.986664e-02  0.0000e+00 1.333e-04    1  0.0000e+00  6.609e-08  5.21441e-01  0.00000e+00
     300 3.999997e-02  0.0000e+00 1.333e-04    1  0.0000e+00  6.609e-08  5.21441e-01  0.00000e+00
     301 4.013330e-02  0.0000e+00 1.333e-04    1  0.0000e+00  6.609e-08  5.21441e-01  0.00000e+00
     302 4.026663e-02  0.0000e+00 1.333e-04    1  0.0000e+00  6.609e-08  5.21441e-01  0.00000e+00
     303 4.039996e-02  0.0000e+00 1.333e-04    1  0.0000e+00  6.609e-08  5.21441e-01  0.00000e+00
     304 4.053330e-02  0.0000e+00 1.333e-04    1  0.0000e+00  6.609e-08  5.21441e-01  0.00000e+00
     305 4.066663e-02  0.0000e+00 1.333e-04    1  0.0000e+00  6.609e-08  5.21441e-01  0.00000e+00
     306 4.079996e-02  0.0000e+00 1.333e-04    1  0.0000e+00  6.609e-08  5.21441e-01  0.00000e+00
     307 4.093329e-02  0.0000e+00 1.333e-04    1  0.0000e+00  6.609e-08  5.21441e-01  0.00000e+00
     308 4.106662e-02  0.0000e+00 1.333e-04    1  0.0000e+00  6.609e-08  5.21441e-01  0.00000e+00
     309 4.119996e-02  0.0000e+00 1.333e-04    1  0.0000e+00  6.609e-08  5.21441e-01  0.00000e+00
     310 4.133329e-02  0.0000e+00 1.333e-04    1  0.0000e+00  6.609e-08  5.21441e-01  0.00000e+00
     311 4.146662e-02  0.0000e+00 1.333e-04    1  0.0000e+00  6.609e-08  5.21441e-01  0.00000e+00
     312 4.159995e-02  0.0000e+00 1.333e-04    1  0.0000e+00  6.609e-08  5.21441e-01  0.00000e+00
     313 4.173328e-02  0.0000e+00 1.333e-04    1  0.0000e+00  6.609e-08  5.21441e-01  0.00000e+00
     314 4.186662e-02  0.0000e+00 1.333e-04    1  0.0000e+00  6.609e-08  5.21441e-01  0.00000e+00
     315 4.199995e-02  0.0000e+00 1.333e-04    1  0.0000e+00  6.609e-08  5.21441e-01  0.00000e+00
     316 4.213328e-02  0.0000e+00 1.333e-04    1  0.0000e+00  6.609e-08  5.21441e-01  0.00000e+00
     317 4.226661e-02  0.0000e+00 1.333e-04    1  0.0000e+00  6.609e-08  5.21441e-01  0.00000e+00
     318 4.239994e-02  0.0000e+00 1.333e-04    1  0.0000e+00  6.609e-08  5.21441e-01  0.00000e+00
     319 4.253327e-02  0.0000e+00 1.333e-04    1  0.0000e+00  6.609e-08  5.21441e-01  0.00000e+00
     320 4.266661e-02  0.0000e+00 1.333e-04    1  0.0000e+00  6.609e-08  5.21441e-01  0.00000e+00
     321 4.279994e-02  0.0000e+00 1.333e-04    1  0.0000e+00  6.609e-08  5.21441e-01  0.00000e+00
     322 4.293327e-02  0.0000e+00 1.333e-04    1  0.0000e+00  6.609e-08  5.21441e-01  0.00000e+00
     323 4.306660e-02  0.0000e+00 1.333e-04    1  0.0000e+00  6.609e-08  5.21441e-01  0.00000e+00
     324 4.319993e-02  0.0000e+00 1.333e-04    1  0.0000e+00  6.609e-08  5.21441e-01  0.00000e+00
     325 4.333327e-02  0.0000e+00 1.333e-04    1  0.0000e+00  6.609e-08  5.21441e-01  0.00000e+00
     326 4.346660e-02  0.0000e+00 1.333e-04    1  0.0000e+00  6.609e-08  5.21441e-01  0.00000e+00
     327 4.359993e-02  0.0000e+00 1.333e-04    1  0.0000e+00  6.609e-08  5.21441e-01  0.00000e+00
     328 4.373326e-02  0.0000e+00 1.333e-04    1  0.0000e+00  6.609e-08  5.21441e-01  0.00000e+00
     329 4.386659e-02  0.0000e+00 1.333e-04    1  0.0000e+00  6.609e-08  5.21441e-01  0.00000e+00
     330 4.399993e-02  0.0000e+00 1.333e-04    1  0.0000e+00  6.609e-08  5.21441e-01  0.00000e+00
     331 4.413326e-02  0.0000e+00 1.333e-04    1  0.0000e+00  6.609e-08  5.21441e-01  0.00000e+00
     332 4.426659e-02  0.0000e+00 1.333e-04    1  0.0000e+00  6.609e-08  5.21441e-01  0.00000e+00
     333 4.439992e-02  0.0000e+00 1.333e-04    1  0.0000e+00  6.609e-08  5.21441e-01  0.00000e+00
     334 4.453325e-02  0.0000e+00 1.333e-04    1  0.0000e+00  6.609e-08  5.21441e-01  0.00000e+00
     335 4.466658e-02  0.0000e+00 1.333e-04    1  0.0000e+00  6.609e-08  5.21441e-01  0.00000e+00
     336 4.479992e-02  0.0000e+00 1.333e-04    1  0.0000e+00  6.609e-08  5.21441e-01  0.00000e+00
     337 4.493325e-02  0.0000e+00 1.333e-04    1  0.0000e+00  6.609e-08  5.21441e-01  0.00000e+00
     338 4.506658e-02  0.0000e+00 1.333e-04    1  0.0000e+00  6.609e-08  5.21441e-01  0.00000e+00
     339 4.519991e-02  0.0000e+00 1.333e-04    1  0.0000e+00  6.609e-08  5.21441e-01  0.00000e+00
     340 4.533324e-02  0.0000e+00 1.333e-04    1  0.0000e+00  6.609e-08  5.21441e-01  0.00000e+00
     341 4.546658e-02  0.0000e+00 1.333e-04    1  0.0000e+00  6.609e-08  5.21441e-01  0.00000e+00
     342 4.559991e-02  0.0000e+00 1.333e-04    1  0.0000e+00  6.609e-08  5.21441e-01  0.00000e+00
     343 4.573324e-02  0.0000e+00 1.333e-04    1  0.0000e+00  6.609e-08  5.21441e-01  0.00000e+00
     344 4.586657e-02  0.0000e+00 1.333e-04    1  0.0000e+00  6.609e-08  5.21441e-01  0.00000e+00
     345 4.599990e-02  0.0000e+00 1.333e-04    1  0.0000e+00  6.609e-08  5.21441e-01  0.00000e+00
     346 4.613324e-02  0.0000e+00 1.333e-04    1  0.0000e+00  6.609e-08  5.21441e-01  0.00000e+00
     347 4.626657e-02  0.0000e+00 1.333e-04    1  0.0000e+00  6.609e-08  5.21441e-01  0.00000e+00
     348 4.639990e-02  0.0000e+00 1.333e-04    1  0.0000e+00  6.609e-08  5.21441e-01  0.00000e+00
     349 4.653323e-02  0.0000e+00 1.333e-04    1  0.0000e+00  6.609e-08  5.21441e-01  0.00000e+00
     350 4.666656e-02  0.0000e+00 1.333e-04    1  0.0000e+00  6.609e-08  5.21441e-01  0.00000e+00
     351 4.679989e-02  0.0000e+00 1.333e-04    1  0.0000e+00  6.609e-08  5.21441e-01  0.00000e+00
     352 4.693323e-02  0.0000e+00 1.333e-04    1  0.0000e+00  6.609e-08  5.21441e-01  0.00000e+00
     353 4.706656e-02  0.0000e+00 1.333e-04    1  0.0000e+00  6.609e-08  5.21441e-01  0.00000e+00
     354 4.719989e-02  0.0000e+00 1.333e-04    1  0.0000e+00  6.609e-08  5.21441e-01  0.00000e+00
     355 4.733322e-02  0.0000e+00 1.333e-04    1  0.0000e+00  6.609e-08  5.21441e-01  0.00000e+00
     356 4.746655e-02  0.0000e+00 1.333e-04    1  0.0000e+00  6.609e-08  5.21441e-01  0.00000e+00
     357 4.759989e-02  0.0000e+00 1.333e-04    1  0.0000e+00  6.609e-08  5.21441e-01  0.00000e+00
     358 4.773322e-02  0.0000e+00 1.333e-04    1  0.0000e+00  6.609e-08  5.21441e-01  0.00000e+00
     359 4.786655e-02  0.0000e+00 1.333e-04    1  0.0000e+00  6.609e-08  5.21441e-01  0.00000e+00
     360 4.799988e-02  0.0000e+00 1.333e-04    1  0.0000e+00  6.609e-08  5.21441e-01  0.00000e+00
     361 4.813321e-02  0.0000e+00 1.333e-04    1  0.0000e+00  6.609e-08  5.21441e-01  0.00000e+00
     362 4.826654e-02  0.0000e+00 1.333e-04    1  0.0000e+00  6.609e-08  5.21441e-01  0.00000e+00
     363 4.839988e-02  0.0000e+00 1.333e-04    1  0.0000e+00  6.609e-08  5.21441e-01  0.00000e+00
     364 4.853321e-02  0.0000e+00 1.333e-04    1  0.0000e+00  6.609e-08  5.21441e-01  0.00000e+00
     365 4.866654e-02  0.0000e+00 1.333e-04    1  0.0000e+00  6.609e-08  5.21441e-01  0.00000e+00
     366 4.879987e-02  0.0000e+00 1.333e-04    1  0.0000e+00  6.609e-08  5.21441e-01  0.00000e+00
     367 4.893320e-02  0.0000e+00 1.333e-04    1  0.0000e+00  6.609e-08  5.21441e-01  0.00000e+00
     368 4.906654e-02  0.0000e+00 1.333e-04    1  0.0000e+00  6.609e-08  5.21441e-01  0.00000e+00
     369 4.919987e-02  0.0000e+00 1.333e-04    1  0.0000e+00  6.609e-08  5.21441e-01  0.00000e+00
     370 4.933320e-02  0.0000e+00 1.333e-04    1  0.0000e+00  6.609e-08  5.21441e-01  0.00000e+00
     371 4.946653e-02  0.0000e+00 1.333e-04    1  0.0000e+00  6.609e-08  5.21441e-01  0.00000e+00
     372 4.959986e-02  0.0000e+00 1.333e-04    1  0.0000e+00  6.609e-08  5.21441e-01  0.00000e+00
     373 4.973320e-02  0.0000e+00 1.333e-04    1  0.0000e+00  6.609e-08  5.21441e-01  0.00000e+00
     374 4.986653e-02  0.0000e+00 1.333e-04    1  0.0000e+00  6.609e-08  5.21441e-01  0.00000e+00
     375 4.999986e-02  0.0000e+00 1.333e-04    1  0.0000e+00  6.609e-08  5.21441e-01  0.00000e+00
     376 5.013319e-02  0.0000e+00 1.333e-04    1  0.0000e+00  6.609e-08  5.21441e-01  0.00000e+00
     377 5.026652e-02  0.0000e+00 1.333e-04    1  0.0000e+00  6.609e-08  5.21441e-01  0.00000e+00
     378 5.039985e-02  0.0000e+00 1.333e-04    1  0.0000e+00  6.609e-08  5.21441e-01  0.00000e+00
     379 5.053319e-02  0.0000e+00 1.333e-04    1  0.0000e+00  6.609e-08  5.21441e-01  0.00000e+00
     380 5.066652e-02  0.0000e+00 1.333e-04    1  0.0000e+00  6.609e-08  5.21441e-01  0.00000e+00
     381 5.079985e-02  0.0000e+00 1.333e-04    1  0.0000e+00  6.609e-08  5.21441e-01  0.00000e+00
     382 5.093318e-02  0.0000e+00 1.333e-04    1  0.0000e+00  6.609e-08  5.21441e-01  0.00000e+00
     383 5.106651e-02  0.0000e+00 1.333e-04    1  0.0000e+00  6.609e-08  5.21441e-01  0.00000e+00
     384 5.119985e-02  0.0000e+00 1.333e-04    1  0.0000e+00  6.609e-08  5.21441e-01  0.00000e+00
     385 5.133318e-02  0.0000e+00 1.333e-04    1  0.0000e+00  6.609e-08  5.21441e-01  0.00000e+00
     386 5.146651e-02  0.0000e+00 1.333e-04    1  0.0000e+00  6.609e-08  5.21441e-01  0.00000e+00
     387 5.159984e-02  0.0000e+00 1.333e-04    1  0.0000e+00  6.609e-08  5.21441e-01  0.00000e+00
     388 5.173317e-02  0.0000e+00 1.333e-04    1  0.0000e+00  6.609e-08  5.21441e-01  0.00000e+00
     389 5.186651e-02  0.0000e+00 1.333e-04    1  0.0000e+00  6.609e-08  5.21441e-01  0.00000e+00
     390 5.199984e-02  0.0000e+00 1.333e-04    1  0.0000e+00  6.609e-08  5.21441e-01  0.00000e+00
     391 5.213317e-02  0.0000e+00 1.333e-04    1  0.0000e+00  6.609e-08  5.21441e-01  0.00000e+00
     392 5.226650e-02  0.0000e+00 1.333e-04    1  0.0000e+00  6.609e-08  5.21441e-01  0.00000e+00
     393 5.239983e-02  0.0000e+00 1.333e-04    1  0.0000e+00  6.609e-08  5.21441e-01  0.00000e+00
     394 5.253316e-02  0.0000e+00 1.333e-04    1  0.0000e+00  6.609e-08  5.21441e-01  0.00000e+00
     395 5.266650e-02  0.0000e+00 1.333e-04    1  0.0000e+00  6.609e-08  5.21441e-01  0.00000e+00
     396 5.279983e-02  0.0000e+00 1.333e-04    1  0.0000e+00  6.609e-08  5.21441e-01  0.00000e+00
     397 5.293316e-02  0.0000e+00 1.333e-04    1  0.0000e+00  6.609e-08  5.21441e-01  0.00000e+00
     398 5.306649e-02  0.0000e+00 1.333e-04    1  0.0000e+00  6.609e-08  5.21441e-01  0.00000e+00
     399 5.319982e-02  0.0000e+00 1.333e-04    1  0.0000e+00  6.609e-08  5.21441e-01  0.00000e+00
     400 5.333316e-02  0.0000e+00 1.333e-04    1  0.0000e+00  6.609e-08  5.21441e-01  0.00000e+00
     401 5.346649e-02  0.0000e+00 1.333e-04    1  0.0000e+00  6.609e-08  5.21441e-01  0.00000e+00
     402 5.359982e-02  0.0000e+00 1.333e-04    1  0.0000e+00  6.609e-08  5.21441e-01  0.00000e+00
     403 5.373315e-02  0.0000e+00 1.333e-04    1  0.0000e+00  6.609e-08  5.21441e-01  0.00000e+00
     404 5.386648e-02  0.0000e+00 1.333e-04    1  0.0000e+00  6.609e-08  5.21441e-01  0.00000e+00
     405 5.399982e-02  0.0000e+00 1.333e-04    1  0.0000e+00  6.609e-08  5.21441e-01  0.00000e+00
     406 5.413315e-02  0.0000e+00 1.333e-04    1  0.0000e+00  6.609e-08  5.21441e-01  0.00000e+00
     407 5.426648e-02  0.0000e+00 1.333e-04    1  0.0000e+00  6.609e-08  5.21441e-01  0.00000e+00
     408 5.439981e-02  0.0000e+00 1.333e-04    1  0.0000e+00  6.609e-08  5.21441e-01  0.00000e+00
     409 5.453314e-02  0.0000e+00 1.333e-04    1  0.0000e+00  6.609e-08  5.21441e-01  0.00000e+00
     410 5.466647e-02  0.0000e+00 1.333e-04    1  0.0000e+00  6.609e-08  5.21441e-01  0.00000e+00
     411 5.479981e-02  0.0000e+00 1.333e-04    1  0.0000e+00  6.609e-08  5.21441e-01  0.00000e+00
     412 5.493314e-02  0.0000e+00 1.333e-04    1  0.0000e+00  6.609e-08  5.21441e-01  0.00000e+00
     413 5.506647e-02  0.0000e+00 1.333e-04    1  0.0000e+00  6.609e-08  5.21441e-01  0.00000e+00
     414 5.519980e-02  0.0000e+00 1.333e-04    1  0.0000e+00  6.609e-08  5.21441e-01  0.00000e+00
     415 5.533313e-02  0.0000e+00 1.333e-04    1  0.0000e+00  6.609e-08  5.21441e-01  0.00000e+00
     416 5.546647e-02  0.0000e+00 1.333e-04    1  0.0000e+00  6.609e-08  5.21441e-01  0.00000e+00
     417 5.559980e-02  0.0000e+00 1.333e-04    1  0.0000e+00  6.609e-08  5.21441e-01  0.00000e+00
     418 5.573313e-02  0.0000e+00 1.333e-04    1  0.0000e+00  6.609e-08  5.21441e-01  0.00000e+00
     419 5.586646e-02  0.0000e+00 1.333e-04    1  0.0000e+00  6.609e-08  5.21441e-01  0.00000e+00
     420 5.599979e-02  0.0000e+00 1.333e-04    1  0.0000e+00  6.609e-08  5.21441e-01  0.00000e+00
     421 5.613312e-02  0.0000e+00 1.333e-04    1  0.0000e+00  6.609e-08  5.21441e-01  0.00000e+00
     422 5.626646e-02  0.0000e+00 1.333e-04    1  0.0000e+00  6.609e-08  5.21441e-01  0.00000e+00
     423 5.639979e-02  0.0000e+00 1.333e-04    1  0.0000e+00  6.609e-08  5.21441e-01  0.00000e+00
     424 5.653312e-02  0.0000e+00 1.333e-04    1  0.0000e+00  6.609e-08  5.21441e-01  0.00000e+00
     425 5.666645e-02  0.0000e+00 1.333e-04    1  0.0000e+00  6.609e-08  5.21441e-01  0.00000e+00
     426 5.679978e-02  0.0000e+00 1.333e-04    1  0.0000e+00  6.609e-08  5.21441e-01  0.00000e+00
     427 5.693312e-02  0.0000e+00 1.333e-04    1  0.0000e+00  6.609e-08  5.21441e-01  0.00000e+00
     428 5.706645e-02  0.0000e+00 1.333e-04    1  0.0000e+00  6.609e-08  5.21441e-01  0.00000e+00
     429 5.719978e-02  0.0000e+00 1.333e-04    1  0.0000e+00  6.609e-08  5.21441e-01  0.00000e+00
     430 5.733311e-02  0.0000e+00 1.333e-04    1  0.0000e+00  6.609e-08  5.21441e-01  0.00000e+00
     431 5.746644e-02  0.0000e+00 1.333e-04    1  0.0000e+00  6.609e-08  5.21441e-01  0.00000e+00
     432 5.759978e-02  0.0000e+00 1.333e-04    1  0.0000e+00  6.609e-08  5.21441e-01  0.00000e+00
     433 5.773311e-02  0.0000e+00 1.333e-04    1  0.0000e+00  6.609e-08  5.21441e-01  0.00000e+00
     434 5.786644e-02  0.0000e+00 1.333e-04    1  0.0000e+00  6.609e-08  5.21441e-01  0.00000e+00
     435 5.799977e-02  0.0000e+00 1.333e-04    1  0.0000e+00  6.609e-08  5.21441e-01  0.00000e+00
     436 5.813310e-02  0.0000e+00 1.333e-04    1  0.0000e+00  6.609e-08  5.21441e-01  0.00000e+00
     437 5.826643e-02  0.0000e+00 1.333e-04    1  0.0000e+00  6.609e-08  5.21441e-01  0.00000e+00
     438 5.839977e-02  0.0000e+00 1.333e-04    1  0.0000e+00  6.609e-08  5.21441e-01  0.00000e+00
     439 5.853310e-02  0.0000e+00 1.333e-04    1  0.0000e+00  6.609e-08  5.21441e-01  0.00000e+00
     440 5.866643e-02  0.0000e+00 1.333e-04    1  0.0000e+00  6.609e-08  5.21441e-01  0.00000e+00
     441 5.879976e-02  0.0000e+00 1.333e-04    1  0.0000e+00  6.609e-08  5.21441e-01  0.00000e+00
     442 5.893309e-02  0.0000e+00 1.333e-04    1  0.0000e+00  6.609e-08  5.21441e-01  0.00000e+00
     443 5.906643e-02  0.0000e+00 1.333e-04    1  0.0000e+00  6.609e-08  5.21441e-01  0.00000e+00
     444 5.919976e-02  0.0000e+00 1.333e-04    1  0.0000e+00  6.609e-08  5.21441e-01  0.00000e+00
     445 5.933309e-02  0.0000e+00 1.333e-04    1  0.0000e+00  6.609e-08  5.21441e-01  0.00000e+00
     446 5.946642e-02  0.0000e+00 1.333e-04    1  0.0000e+00  6.609e-08  5.21441e-01  0.00000e+00
     447 5.959975e-02  0.0000e+00 1.333e-04    1  0.0000e+00  6.609e-08  5.21441e-01  0.00000e+00
     448 5.973309e-02  0.0000e+00 1.333e-04    1  0.0000e+00  6.609e-08  5.21441e-01  0.00000e+00
     449 5.986642e-02  0.0000e+00 1.333e-04    1  0.0000e+00  6.609e-08  5.21441e-01  0.00000e+00
     450 5.999975e-02  0.0000e+00 1.333e-04    1  0.0000e+00  6.609e-08  5.21441e-01  0.00000e+00
     451 6.013308e-02  0.0000e+00 1.333e-04    1  0.0000e+00  6.609e-08  5.21441e-01  0.00000e+00
     452 6.026641e-02  0.0000e+00 1.333e-04    1  0.0000e+00  6.609e-08  5.21441e-01  0.00000e+00
     453 6.039974e-02  0.0000e+00 1.333e-04    1  0.0000e+00  6.609e-08  5.21441e-01  0.00000e+00
     454 6.053308e-02  0.0000e+00 1.333e-04    1  0.0000e+00  6.609e-08  5.21441e-01  0.00000e+00
     455 6.066641e-02  0.0000e+00 1.333e-04    1  0.0000e+00  6.609e-08  5.21441e-01  0.00000e+00
     456 6.079974e-02  0.0000e+00 1.333e-04    1  0.0000e+00  6.609e-08  5.21441e-01  0.00000e+00
     457 6.093307e-02  0.0000e+00 1.333e-04    1  0.0000e+00  6.609e-08  5.21441e-01  0.00000e+00
     458 6.106640e-02  0.0000e+00 1.333e-04    1  0.0000e+00  6.609e-08  5.21441e-01  0.00000e+00
     459 6.119974e-02  0.0000e+00 1.333e-04    1  0.0000e+00  6.609e-08  5.21441e-01  0.00000e+00
     460 6.133307e-02  0.0000e+00 1.333e-04    1  0.0000e+00  6.609e-08  5.21441e-01  0.00000e+00
     461 6.146640e-02  0.0000e+00 1.333e-04    1  0.0000e+00  6.609e-08  5.21441e-01  0.00000e+00
     462 6.159973e-02  0.0000e+00 1.333e-04    1  0.0000e+00  6.609e-08  5.21441e-01  0.00000e+00
     463 6.173306e-02  0.0000e+00 1.333e-04    1  0.0000e+00  6.609e-08  5.21441e-01  0.00000e+00
     464 6.186640e-02  0.0000e+00 1.333e-04    1  0.0000e+00  6.609e-08  5.21441e-01  0.00000e+00
     465 6.199973e-02  0.0000e+00 1.333e-04    1  0.0000e+00  6.609e-08  5.21441e-01  0.00000e+00
     466 6.213306e-02  0.0000e+00 1.333e-04    1  0.0000e+00  6.609e-08  5.21441e-01  0.00000e+00
     467 6.226639e-02  0.0000e+00 1.333e-04    1  0.0000e+00  6.609e-08  5.21441e-01  0.00000e+00
     468 6.239972e-02  0.0000e+00 1.333e-04    1  0.0000e+00  6.609e-08  5.21441e-01  0.00000e+00
     469 6.253306e-02  0.0000e+00 1.333e-04    1  0.0000e+00  6.609e-08  5.21441e-01  0.00000e+00
     470 6.266639e-02  0.0000e+00 1.333e-04    1  0.0000e+00  6.609e-08  5.21441e-01  0.00000e+00
     471 6.279973e-02  0.0000e+00 1.333e-04    1  0.0000e+00  6.609e-08  5.21441e-01  0.00000e+00
     472 6.293306e-02  0.0000e+00 1.333e-04    1  0.0000e+00  6.609e-08  5.21441e-01  0.00000e+00
     473 6.306640e-02  0.0000e+00 1.333e-04    1  0.0000e+00  6.609e-08  5.21441e-01  0.00000e+00
     474 6.319974e-02  0.0000e+00 1.333e-04    1  0.0000e+00  6.609e-08  5.21441e-01  0.00000e+00
     475 6.333307e-02  0.0000e+00 1.333e-04    1  0.0000e+00  6.609e-08  5.21441e-01  0.00000e+00
     476 6.346641e-02  0.0000e+00 1.333e-04    1  0.0000e+00  6.609e-08  5.21441e-01  0.00000e+00
     477 6.359974e-02  0.0000e+00 1.333e-04    1  0.0000e+00  6.609e-08  5.21441e-01  0.00000e+00
     478 6.373308e-02  0.0000e+00 1.333e-04    1  0.0000e+00  6.609e-08  5.21441e-01  0.00000e+00
     479 6.386641e-02  0.0000e+00 1.333e-04    1  0.0000e+00  6.609e-08  5.21441e-01  0.00000e+00
     480 6.399975e-02  0.0000e+00 1.333e-04    1  0.0000e+00  6.609e-08  5.21441e-01  0.00000e+00
     481 6.413309e-02  0.0000e+00 1.333e-04    1  0.0000e+00  6.609e-08  5.21441e-01  0.00000e+00
     482 6.426642e-02  0.0000e+00 1.333e-04    1  0.0000e+00  6.609e-08  5.21441e-01  0.00000e+00
     483 6.439976e-02  0.0000e+00 1.333e-04    1  0.0000e+00  6.609e-08  5.21441e-01  0.00000e+00
     484 6.453309e-02  0.0000e+00 1.333e-04    1  0.0000e+00  6.609e-08  5.21441e-01  0.00000e+00
     485 6.466643e-02  0.0000e+00 1.333e-04    1  0.0000e+00  6.609e-08  5.21441e-01  0.00000e+00
     486 6.479976e-02  0.0000e+00 1.333e-04    1  0.0000e+00  6.609e-08  5.21441e-01  0.00000e+00
     487 6.493310e-02  0.0000e+00 1.333e-04    1  0.0000e+00  6.609e-08  5.21441e-01  0.00000e+00
     488 6.506643e-02  0.0000e+00 1.333e-04    1  0.0000e+00  6.609e-08  5.21441e-01  0.00000e+00
     489 6.519977e-02  0.0000e+00 1.333e-04    1  0.0000e+00  6.609e-08  5.21441e-01  0.00000e+00
     490 6.533311e-02  0.0000e+00 1.333e-04    1  0.0000e+00  6.609e-08  5.21441e-01  0.00000e+00
     491 6.546644e-02  0.0000e+00 1.333e-04    1  0.0000e+00  6.609e-08  5.21441e-01  0.00000e+00
     492 6.559978e-02  0.0000e+00 1.333e-04    1  0.0000e+00  6.609e-08  5.21441e-01  0.00000e+00
     493 6.573311e-02  0.0000e+00 1.333e-04    1  0.0000e+00  6.609e-08  5.21441e-01  0.00000e+00
     494 6.586645e-02  0.0000e+00 1.333e-04    1  0.0000e+00  6.609e-08  5.21441e-01  0.00000e+00
     495 6.599978e-02  0.0000e+00 1.333e-04    1  0.0000e+00  6.609e-08  5.21441e-01  0.00000e+00
     496 6.613312e-02  0.0000e+00 1.333e-04    1  0.0000e+00  6.609e-08  5.21441e-01  0.00000e+00
     497 6.626645e-02  0.0000e+00 1.333e-04    1  0.0000e+00  6.609e-08  5.21441e-01  0.00000e+00
     498 6.639979e-02  0.0000e+00 1.333e-04    1  0.0000e+00  6.609e-08  5.21441e-01  0.00000e+00
     499 6.653313e-02  0.0000e+00 1.333e-04    1  0.0000e+00  6.609e-08  5.21441e-01  0.00000e+00
     500 6.666646e-02  0.0000e+00 1.333e-04    1  0.0000e+00  6.609e-08  5.21441e-01  0.00000e+00
     501 6.679980e-02  0.0000e+00 1.333e-04    1  0.0000e+00  6.609e-08  5.21441e-01  0.00000e+00
     502 6.693313e-02  0.0000e+00 1.333e-04    1  0.0000e+00  6.609e-08  5.21441e-01  0.00000e+00
     503 6.706647e-02  0.0000e+00 1.333e-04    1  0.0000e+00  6.609e-08  5.21441e-01  0.00000e+00
     504 6.719980e-02  0.0000e+00 1.333e-04    1  0.0000e+00  6.609e-08  5.21441e-01  0.00000e+00
     505 6.733314e-02  0.0000e+00 1.333e-04    1  0.0000e+00  6.609e-08  5.21441e-01  0.00000e+00
     506 6.746648e-02  0.0000e+00 1.333e-04    1  0.0000e+00  6.609e-08  5.21441e-01  0.00000e+00
     507 6.759981e-02  0.0000e+00 1.333e-04    1  0.0000e+00  6.609e-08  5.21441e-01  0.00000e+00
     508 6.773315e-02  0.0000e+00 1.333e-04    1  0.0000e+00  6.609e-08  5.21441e-01  0.00000e+00
     509 6.786648e-02  0.0000e+00 1.333e-04    1  0.0000e+00  6.609e-08  5.21441e-01  0.00000e+00
     510 6.799982e-02  0.0000e+00 1.333e-04    1  0.0000e+00  6.609e-08  5.21441e-01  0.00000e+00
     511 6.813315e-02  0.0000e+00 1.333e-04    1  0.0000e+00  6.609e-08  5.21441e-01  0.00000e+00
     512 6.826649e-02  0.0000e+00 1.333e-04    1  0.0000e+00  6.609e-08  5.21441e-01  0.00000e+00
     513 6.839982e-02  0.0000e+00 1.333e-04    1  0.0000e+00  6.609e-08  5.21441e-01  0.00000e+00
     514 6.853316e-02  0.0000e+00 1.333e-04    1  0.0000e+00  6.609e-08  5.21441e-01  0.00000e+00
     515 6.866650e-02  0.0000e+00 1.333e-04    1  0.0000e+00  6.609e-08  5.21441e-01  0.00000e+00
     516 6.879983e-02  0.0000e+00 1.333e-04    1  0.0000e+00  6.609e-08  5.21441e-01  0.00000e+00
     517 6.893317e-02  0.0000e+00 1.333e-04    1  0.0000e+00  6.609e-08  5.21441e-01  0.00000e+00
     518 6.906650e-02  0.0000e+00 1.333e-04    1  0.0000e+00  6.609e-08  5.21441e-01  0.00000e+00
     519 6.919984e-02  0.0000e+00 1.333e-04    1  0.0000e+00  6.609e-08  5.21441e-01  0.00000e+00
     520 6.933317e-02  0.0000e+00 1.333e-04    1  0.0000e+00  6.609e-08  5.21441e-01  0.00000e+00
     521 6.946651e-02  0.0000e+00 1.333e-04    1  0.0000e+00  6.609e-08  5.21441e-01  0.00000e+00
     522 6.959984e-02  0.0000e+00 1.333e-04    1  0.0000e+00  6.609e-08  5.21441e-01  0.00000e+00
     523 6.973318e-02  0.0000e+00 1.333e-04    1  0.0000e+00  6.609e-08  5.21441e-01  0.00000e+00
     524 6.986652e-02  0.0000e+00 1.333e-04    1  0.0000e+00  6.609e-08  5.21441e-01  0.00000e+00
     525 6.999985e-02  0.0000e+00 1.333e-04    1  0.0000e+00  6.609e-08  5.21441e-01  0.00000e+00
     526 7.013319e-02  0.0000e+00 1.333e-04    1  0.0000e+00  6.609e-08  5.21441e-01  0.00000e+00
     527 7.026652e-02  0.0000e+00 1.333e-04    1  0.0000e+00  6.609e-08  5.21441e-01  0.00000e+00
